$ANSIBLE_VAULT;1.1;AES256
30353238323862303932363436656161366436346639306333323837343037303966646430303963
6161653261653266326233636165346635636163656633620a386437373864313264356261653939
33333336356436313162396238393165616632303439636265643064616333303965383233646338
3837303130663062340a613162656130613834326466643564646336383032393037386630623232
36616236343538313733633639623930343130643561396162613336376333633166316265343436
64316262623837643930646464633233633266613365333235653334666331643339653231363739
30386138346238343633343431646262613865666636383630383364646630303536343765643164
38353337656366336532653761313833313139396666313766333239646663333636616166376565
31326136346665343435343361653465396436386535346437386262643831623663346665303234
31346330353533326462313735346266323532656538376230383334343436613063663230383934
36653762386561653062316663356232366662366136643166373537336639326238393432396162
33663435306264646162393565633137386564363739653637353337653035366664653764333439
37613261373034383366366266643761313330333930653536643733313839646332373138326261
37393164386361333336623534633534633366366532303764616430343934616137633466323339
62343733376538616361613635373533376665366237653339373765313034333566653463656464
32313435333635323166333963393931336363356434346238323137626238303733313665623131
32313664646438353065613663313632363333323131306137323336376265666436363036333661
62343666616633633466393632633037323838346235643664366532306665636538393136653161
66346362613461333431363132313365363731373766653133333830376135656461633230626338
39363831363239663966636638343638306162653835663436633535363765363532386634626439
38383832373366303161363036353938383037366434386430316462626662386466376439653333
34643664633830396337363636646465663261346165353039376336353539396130363465663435
63336564613766663933613064396163653431346631373736363232373035386439313238663630
61366636373535643134666163636561303935363736613832343266346665336166353830323938
32386439626666636431356338373161323839386135633031396233366534333233306461386630
36613164303764393064653535623734396133323736386366346430623535376364333736633232
31383938643738343935353430626662643562373633396638346132386337316237653664373062
65383834393233343362353061333430363863396236666132323332623636643839393332653431
31343863373439653439303264323962623930346235326130623033326534656439383131376337
32366235626134636433333339333331646336383835633262336535656532343863663435633563
30383233653762373364393738633137373561393262623238313037346165633035633638313865
33653266623336653037313333323335633030333633306130313366613432333232313638333064
66386330376132663932393466643831373164663638383365353262356434396632613339643734
36353163303439643264396334356162636338346465633062616230383638323531656133666161
33373733626433313965333138346433343161626663386234313835656561316435626562356437
62643230353664623039303939326231623935613235343435626335333135386561323839633632
66633663643662393235653835363961633433363962636435313664393035376238646463376262
31303664383262623139653363366638306635663863626162323163623361306164346261373364
35356233666133373165326666313463613964613031336665313563323537653338613061316338
64383936623762376131356237636562356138613662396562386337306430363765333330656230
63343061626138633362646236323566663735363863393430363332393339353238323637393333
36303731373566313837343164323065626332346466343365343131653137346539383338333038
31666332346366333563356161316339653861333361633033666538313662333965613932616463
36353338346565313638363234363363663635653465366330633235396338383836663265323864
62333361613533376438376233633139613362393761363431383936616665613962383536613435
62393133623637653264303234656336333832616537353137306132636535646439626263353666
35303739623233303831663864363162643533313238336264353464663139643135363434363462
37363931353935393830653035353931316634306465376534643130343238316133666436613738
31373266373764306135333663336337613862343938373238343934336363363936626138393366
30313166373337306662316665383463343137336239626366363366393837313536623565316537
66373833376564373965393764353361333538353163323531656464313763336664633161623661
37333633363433623235336566656662313464303036636237356464366365363330646462386361
31653330653739343435616239663836363231323936613838396335663861396461626232613266
65666565333130346664303862316365376333386439613538623639653738316239323361656263
38326234393065333235356239633331643761386237663536383139626635323462663135383832
35353536386163626463633139353438656562343861393938626161616564356265323965666461
33376665396232353730333038383132323361383561666561343232383531623939666363363430
63636235333539356363633363643936313164323438633232666565393037353634373162653863
31376236343438363036316539663265333437333337356166656464333366373534653661333034
34643161353963303463633138653035633437386233386331616462643231636439656566376536
30353463313638633338323031383363643862353764633564636130363336663937363932613036
36333435363232383638636437343838626337623564306530636138393332636664616532383032
39356536323462356163333564623338353161656564356630323639613361346363303961353265
30633236316534663437333533346639313261646565663765326265313966393939346137323336
39346231643636386634643332643162373138633430353932303464616235383138346162326534
36306631363861613864383031623636343137323531343766623239306633663863306336643365
35356635633966316362343132316535623937323066386362376565343761656239363861616462
38623232643563656135633361336638333738316464643063613161323863323238363633393832
38303738333531303533323763663366353235326134376432633366363139636363643161623639
64613431346565316463336566373566326330653436333731343135663639373736333736336539
66373630376339383533656330396438626466313734656437653765393763343661326466356364
33343538313964333338343034323561333263666330376266343566363166353765376162356666
63353032646665343034626637323033643032613539633236616364663036353864323833613331
36653531653132626362656332333237663065313733363535336439636139356662643663366637
37373662313532346532646139383861326632666536636535643561363963633363633631366563
31396438383466643336613261656466333538356163616634646461383238303231323165663864
62613363666562373239356537363234363332396461353932633561653262636533356437663365
37633934383135316436323834663339316565363232396533653535313438373666366563383962
61313133633761653237386466653039643034363231313033653266326638636331323034373835
35623661646536626435383639663236393133336666636534366130336134353434633130396334
34386236633363383532613038323539656163323233323661633737353330373566666665313538
65633938376636656664303561633764316636646236353732333337623239333232323265313866
65643832363561633532633135646262303865306563383266393031336235623036393630326434
39643835363963666533343461613838376133666464316434343066313062643665613632353830
32616634333132653963663139323338353435653661656339666434303939666137363533633137
62343338323339353735316234393039353966643236626662343963336330366463643338306566
36623032353063313038633765363135643534396336386232326565343039373936623534393266
39656132666331326630373464613134366235313430633763616331326662303638363639633563
39383038663062626334333863363934623435653663653030663064323534353462626365316239
61626237646230653963626164343866303864333136383064646432386365343332643364393233
65653337353736623236356130353634336136626135333438306539386335623864343835643565
63626336346338393138633135643862373562633632626436366533663030333438313663623936
37663434613762356333343837383830653032623339626139333266646639373034366263663739
31383665613362663438353564616435336138346439666330353035613462306663623130316532
63633638346531363833343964363138333263353633646434623731643036633261356434633536
64313939313430366439616336613865363866363333623664353739323235363437363034393734
33303531383861653363336533393837623364386132313433663264383566653537346131613761
31613531306139323565613165323862623966376435316466333334616135626639343038313266
34663063373335633763373732633663363935383964623564653039373766336234306130336465
34353836666563653536326534663862626634653764393130386262363966653339386264316438
62303634393639613262643361303363373961376436386265643561333632326363343934653765
61626163373137316237383537393861656333336663353037353137383135626465313063346533
66613938616132616466386633303039366332376463353930353130343033333930333663643839
32613131663366663436666337363935373438306331316265643830393238346436353064303434
37626565633239323136633364636339396637343961633631376264343737373034616236323463
33336632633635613166386364663030353830306165343532303765356436626331626230663534
62393838616536336165363062303235313637333336346265376164333632363835363231383636
35373430633834653230613063336533346235383639613334366338656338316566636564323439
64366665306333636565383638626564663836633261323634636536326330303034373134383961
37343334343064303365656538386636636663626638386233633164643736643262333463323766
66343566636563323339623134656165356132353136643930343536373630396665653538336661
30633730643264633931386434373864353234306461646663333933333236303138306639383533
31613635366634623337326438386662373036353732333935666338653633373032626334363437
31626163646266656333373465623762386536613730666462663633626465626230306363353338
37336334363033376261626162313763393437323566643630343236626235306430316666613764
36623263323733623265306633623966356266663633393838343761353836373536313931363637
34626438666339316533313832313163346432653836326166303937373438313836623761323963
62356137396165656230633361663530613835376363386634356366373235363861346239653431
34656430643132633336353031306165313838653361633938353837653239343639363839343232
35346539353734653665653336346565666430363239663635356563633366363038376364616563
36396133343434383436363363306461386231666133653464323239656363306363353131396633
33393136353039643234336536666164366632643166303536376338313035333437653636623962
66633336303161633531643965343238626461643735353661623638346566333632666336303665
62306463396166303532333662323063303861343137396662623931396561616431306365626433
30653337343133376232373932393738646330653634306561643233393433363833636532313931
35376166623164393135633061633139613033646634626539393161636135323839653531633439
39343437346231343438663063663033313037323762323431623861323963653934356161623538
65663664616139316134373366343437346234306231396432623230363138633031666237333037
30393461646163633637386630336139353637386165343132333962393135383965393866343238
39313762386466373661663763646236383137303236613964313233303864306465313865343532
61366634626266346161303063353162636263643332633763663030373635333864363762663265
35393437383337346463303964313033373530356364306638636432346461623539663164616330
39636433396366386133336364376538396666663536626436366262613863303036356134346132
63383533393238313865376136643331613961373564613639633332396665383866656637633964
35396330323966656636383163643966646564366231343833393265366434353564613932356362
38336266323936363666376363343834306432613231333839613532313962663039323837366238
33626238376332646134303833643963653838643431663238366535616632353136613562616235
30366461343063376564653337653263656364363563383266646538393363303364616238656539
30306461343531306562373434333161646164653531663265613539633130633964356435643936
37313630613135663135666530363931353665383166613666326236386133643230353834623665
32666336306266396232366132326232666566353536303834363334666239666662336539323631
32323331333066343862623065393863393764313937383534306265386538326664616336323862
35323739366666336666646239333430643762626431316461343363663163663462306433646530
63333362646230363161353864656238363464313832303364306163363139373535363233363963
61386461346461353432396337633166633038653063616237623333353939383736343266333635
38633637336134363032643431626361363332646432623662663362346535373261306635613761
32646639646234623736303031316665373366333731393930366462356336366539383664326566
33353231353763636363356362353735316363346635376337613234653439663731386135313666
31656365366233666433663738363839316232306335616161316333386266373662373364653861
35643364376335303331393735396138346466343133353535633463383665343864643133303533
31363439343932666236333061323164663838336637366631306563386631323035386132343939
38336132653035323435373634323430386363343138366365353439306431373037376534626532
35353466326361653866366666353538366131393330343865633230633235343830393130333139
34336532656335363666366531323765353162663964323765333830376531633738663131613663
64376139333566313362656634313966663830383536336130376662643631326632306233363634
38376565306534656334353839323336623564633938303438353238326661643261306635663036
33333230386430376335643764323461363737336632353166646563393261633239363262376466
63306630353138383463343632663061306563393265613631383037613366363163616462373463
36646636366432636130383432353361666230323331623233333538663935653438343836633466
32663561343161383034663834623637343530663465646564623165396134613966383031623666
64323539353032653262336364623762373762636565636131613566633836316534633335623262
34653337653235343731373064323864376539383861303434353931653531333365393761613431
38636432393664616538373835613337346562386438393731653632656633616265653036353761
32643135333935356531386336636133326137643638653638363731373238346436303638333033
64353266313135383331376431323538656339623662666530363337323738353531633038303339
35393639356130313163376363366238333763383765383062383762653735303137366435656166
38643930613031613334363733343237393030393163333661323238633335383634613362306135
36303338376564613236343638663065333731326638393065366237633531313062613930363431
31623364613063373963353530636634643937636138633035396633336661646564303965373234
34303432356236396265386563383661396365393437346638366165633936306663343861663233
66383134326562323638336535313033636331333732643631303635303336643261346239666130
63333037316435303931383938616133386530383834333965643438393239383833346563353536
32643739633264353537616135363733666539666337396664383734323066316363343337333436
33353463333935613337366462366639396337316165656437363764333538323533333731633538
623461643264636132333030656366316436
